gif删除帧序号（序号从0开始）
cheer_up(17-200ms，其他80ms)
1 2 3
5 7 9 11 13
16 18 20 22 24 26 28 30 32 34
36-41
43 45 47 49 51 53 55 57 59 61
62 64 66 68 
70 71 72 73

dizzy(8,38:160 ms; 9->37:50ms， 其他80ms
1 2 3 5 7
9 10 11
13 15 17
19 20 21
53 54 55
56 58 60
63-66 
68 
70-73

proud（12,18:120ms，其他80ms)
1 2 9 13 14 16
18-22
24 26
29 30 
33-40
42 44 46 48 50
52-55
57 60 61 63 65 67 73

serious（9,12,15:240ms, 其他80ms)
1 2 3 5 7 9 11 13 15 17 19-25
27 28 30 
32-41
43 44 46 48-53
 55 56 58 60 61 63 64 65 67 69 71 73

cool(6:200ms; 11:360ms, 其他80ms)
1-9 11 13 15 17 19-23
25 26 29 
33-43 45 47 50 52-54 56 58 60 62 64
67-74


wink
减少一半帧数后，再去掉帧序号1，最后一帧延时改为80ms

excited
减少一半帧数后，再去掉帧序号1，最后一帧延时改为80ms

surprise2（70ms）
1 3 
6-38(偶数帧）
41 44 46 49 51 53 55 57 59 62 67 69 71 73

master_ritual(9,16:160ms; 12:200ms; 其他80ms
1 2 4 6 8 10 12 14 16 18
19 20 21 23 24 26 29-34 36 37 41 43 45 46 48 50 51 53 54 56 58 61-63 65 67-73

puzzled
减少一半帧数后，再去掉帧序号1，最后一帧延时改为80ms

wronged
减少一半帧数后，再去掉帧序号1，2，37
